2.058449429580244683e-01 7.833339094560574922e-02 9.847923138822793632e-02
3.438852111521839561e-01 -1.867801392572867869e-01 8.875664116805573323e-02
4.645041271999772459e-01 2.117310065452490675e-01 9.697494707820945858e-02
5.808361216819946105e-01 -1.530630874080993964e+00 9.474136752138244411e-02
6.505159298527951606e-01 3.537179707257312455e-02 7.989499894055426821e-02
9.767211400638386998e-01 6.976398958909550974e-01 9.609371175115584418e-02
1.220382348447788257e+00 1.784766841716492358e+00 5.442462510259597763e-02
1.394938606520418345e+00 1.503146737149150258e-01 5.979914312095726409e-02
1.559945203362026467e+00 -1.718589126784442200e-02 5.226136444552690469e-02
1.560186404424365181e+00 2.469488450886304087e-01 6.626651653816321985e-02
1.705241236872915289e+00 1.543074074514558802e+00 6.943386448447411152e-02
1.818249672071006184e+00 1.092854193368078208e+00 6.356745158869479828e-02
1.834045098534338170e+00 3.584879560088580219e-01 9.143687545759647539e-02
1.848544555255270394e+00 1.267415670987551257e+00 6.783766633467946949e-02
1.996737821583597361e+00 9.821553397854922984e-01 6.404672548436904367e-02
2.123391106782761550e+00 1.798757282490131448e+00 7.713480415791243439e-02
2.587799816000169173e+00 5.883114603753376581e-01 5.704621124873813370e-02
2.912291401980419359e+00 1.072582933023122242e+00 9.010984903770198617e-02
2.921446485352181544e+00 1.022575739563915009e+00 5.372753218398854114e-02
3.042422429595377231e+00 1.531892966148900026e-01 9.934434683002586752e-02
3.046137691733706632e+00 1.679289103675627448e+00 8.861223846483287647e-02
3.117110760894109767e+00 1.683791854007813615e+00 5.993578407670862446e-02
3.663618432936917024e+00 1.736217911473689535e+00 5.027610585618012135e-02
3.745401188473624909e+00 1.569669804811353764e+00 9.077307142274171348e-02
4.319450186421157412e+00 8.355303421616571136e-01 8.534286719238085017e-02
4.401524937396013470e+00 1.736888001906782941e+00 8.645035840204937094e-02
4.560699842170359730e+00 1.883815362832925944e+00 8.856351733429729256e-02
4.951769101112701854e+00 1.684015336663847950e+00 5.370223258670452082e-02
5.142344384136116275e+00 2.331920702070607199e+00 6.792328642721363885e-02
5.200680211778108131e+00 2.848839797562473297e+00 5.579345297625648570e-02
5.247564316322378630e+00 4.156718237850619779e+00 9.315517129377967609e-02
5.467102793432796481e+00 2.784478531468633111e+00 8.116490634137790705e-02
5.924145688620424899e+00 3.084410063446494821e+00 6.654490124263245932e-02
5.986584841970366000e+00 2.829094046425442155e+00 5.317791751430118313e-02
6.011150117432087825e+00 1.249291004011936934e+00 6.554911608578312121e-02
6.075448519014383209e+00 2.914836034663905284e+00 6.625916610133736340e-02
6.118528947223794923e+00 3.011366114087292711e+00 8.648030891690319799e-02
6.625222843539820161e+00 5.342314949442844352e+00 8.187787356776066172e-02
6.842330265121568722e+00 3.154606511089540710e+00 9.436063712881632981e-02
7.080725777960454437e+00 3.700854550208457105e+00 7.361074625809746474e-02
7.319939418114050689e+00 3.530029888112740100e+00 5.597971229691509065e-02
7.851759613930136439e+00 2.815019755421380943e+00 8.566223936114975013e-02
8.083973481164610675e+00 4.930755778691807478e+00 8.803925243084487207e-02
8.324426408004217848e+00 4.712064421252970092e+00 7.806385987847482000e-02
8.661761457749351578e+00 4.915321793036425468e+00 8.854835899772806052e-02
9.093204020787821307e+00 3.660943465240022121e+00 7.468977981821954548e-02
9.488855372533333110e+00 5.856538578723805344e+00 7.613664146909970842e-02
9.507143064099160767e+00 3.442845346505905457e+00 7.137705091792748147e-02
9.656320330745593594e+00 5.234168121322775313e+00 5.127095633720476359e-02
9.699098521619943014e+00 6.638792513337263834e+00 5.539457134966522395e-02
